[0;37;40m                                                            [0m
[0;37;40m                                                            [0m
[0;37;40m                                       [0;5;30;40m@[0;5;36;40m%[0;5;30;40mS[0;5;34;40mS[0;5;30;40mS[0;5;34;40mS[0;5;30;40mS[0;5;36;40m%[0;5;30;40mS[0;5;35;40m%[0;5;36;40mX[0;5;35;40mt[0;5;33;40m%[0;5;30;40m@8[0;37;40m      [0m
[0;37;40m                                   [0;5;30;40m@[0;5;34;40mS[0;5;30;40mX[0;5;34;40mS[0;5;30;40mXX[0;5;34;40mX[0;5;30;40mXXXXX[0;5;34;40m@[0;5;30;40m8@X[0;5;34;40mS[0;5;36;40m;[0;5;35;40m. [0;5;33;40m .[0;37;40m   [0m
[0;37;40m                               [0;5;30;40m@[0;5;34;40mS[0;5;30;40mX[0;5;34;40mX[0;5;30;40m@XXX[0;5;34;40m@[0;5;30;40m@@X[0;5;34;40mS[0;5;30;40m@[0;5;34;40mX[0;5;30;40m@@SS[0;5;34;40mX[0;5;30;40m@S[0;5;36;40mt[0;5;35;40mt[0;5;36;40m;[0;5;33;40m.[0;5;37;40m@[0;5;33;40m%[0;37;40m [0m
[0;37;40m                            [0;1;30;40m8[0;5;34;40m@[0;5;30;40m@[0;5;34;40mS[0;5;30;40m@X@X[0;5;34;40mX[0;5;30;40m8X@XXX@X@SS[0;5;34;40mX[0;5;30;40m8[0;5;32;40m@[0;5;30;40m@[0;5;34;40mS[0;5;30;40m@%[0;5;35;40m%[0;5;36;40m%[0;5;35;40m;[0;5;33;40m  [0m
[0;37;40m                          [0;5;30;40m@[0;5;34;40m@[0;5;30;40m8@XX[0;5;34;40m@[0;5;30;40m8XX@[0;5;34;40mX[0;5;30;40m8S[0;5;34;40m@[0;5;30;40m8@[0;5;34;40m@[0;5;30;40m8X[0;5;34;40m@[0;5;30;40m88X[0;5;34;40m8[0;5;30;40m8S[0;5;34;40mS[0;5;30;40m@XS[0;5;36;40m%[0;5;35;40mt[0;5;33;40m:[0m
[0;37;40m                        [0;5;34;40mS[0;5;30;40m8888[0;5;34;40m@[0;5;30;40m@@X[0;5;34;40mX[0;5;30;40m@[0;5;34;40m@[0;5;30;40m88[0;5;34;40mS[0;1;30;40m8[0;5;30;40m@X@@X@@X[0;5;34;40mS[0;5;30;40m8@XXX[0;5;36;40mX[0;5;30;40m@SXX[0;5;36;40m%[0m
[0;37;40m                       [0;5;30;40m@88888@[0;5;34;40m8[0;5;30;40m8X@X@XX@[0;5;34;40mS[0;5;30;40m8[0;5;34;40m@[0;5;30;40m8@[0;5;34;40m8[0;5;30;40m8[0;5;34;40mX[0;5;30;40m88S@[0;5;34;40m@[0;5;30;40m@XX[0;5;34;40m@[0;5;30;40m@[0;5;34;40mX[0;5;30;40m@[0;5;34;40mS[0m
[0;37;40m                      [0;5;30;40mS88[0;5;34;40m8[0;1;30;40m8[0;5;34;40m8[0;5;30;40m8888[0;5;34;40m8[0;5;30;40m@[0;5;34;40m@[0;5;30;40m@[0;5;34;40m@[0;5;30;40m8X@@8@@@@@@[0;5;34;40m@[0;5;30;40m8@@X[0;5;34;40m8[0;5;30;40m8@@8SS[0m
[0;37;40m                     [0;1;30;40m8[0;5;30;40m88[0;34;40m8[0;5;30;40m88[0;1;30;40m8[0;5;30;40m8[0;5;34;40m8[0;5;30;40m8@XSXXX[0;5;34;40mX[0;5;30;40m8[0;5;34;40mS[0;5;30;40m8[0;5;34;40mX[0;5;30;40m8[0;5;34;40m8[0;1;30;40m8[0;5;34;40m@[0;1;30;40m8[0;5;30;40mX8@[0;5;34;40m8[0;5;30;40m8@8X@[0;5;34;40m@[0;5;30;40m8[0;5;34;40mS[0;5;30;40mX[0m
[0;37;40m                     [0;5;30;40m8[0;1;30;40m@[0;5;34;40m8[0;1;30;40m8[0;5;30;40m8X[0;5;35;40mS[0;5;30;40mX[0;5;33;40mX[0;5;35;40mS....[0;5;33;40m.:t[0;5;35;40m;[0;5;33;40mt[0;5;30;40m@@8@@@[0;5;34;40m@[0;1;30;40m8[0;5;34;40mX[0;1;30;40m8[0;5;30;40m@@[0;5;34;40m@[0;5;30;40m8@@@XX[0;5;34;40mS[0m
[0;37;40m                     [0;1;30;40m8[0;5;30;40m8[0;1;30;40m8[0;5;30;40m@[0;5;35;40mS[0;5;33;40m%[0;5;35;40m%[0;5;33;40m;[0;5;35;40m;[0;5;33;40m [0;1;30;47m8[0;5;33;40m [0;1;30;47m8[0;5;33;40m [0;1;30;47m8[0;5;35;40m [0;1;30;47m8[0;5;35;40m  S[0;5;30;40m8[0;5;34;40m8[0;1;30;40m8[0;5;34;40m@[0;1;30;40m8[0;5;30;40mX@@[0;5;34;40m@[0;1;30;40m8[0;5;30;40mX[0;1;30;40m8[0;5;34;40mX[0;5;30;40m8@[0;5;34;40m@[0;5;30;40m8XX[0m
[0;37;40m                      [0;5;34;40m@[0;5;33;40m%[0;5;35;40m%[0;5;33;40m%[0;5;35;40m%[0;5;33;40m.[0;5;37;40m%[0;1;30;47m888[0;1;31;47m8[0;1;30;47m88[0;35;47m8[0;1;30;47m88%8[0;5;31;40mS[0;1;30;40m8[0;5;30;40mX@@@[0;5;34;40m8[0;1;30;40m8[0;5;30;40m@@[0;5;34;40m@[0;5;30;40m8@8@@@@X[0;5;34;40mS[0m
[0;37;40m                       [0;5;35;40m  .[0;5;37;40m%t[0;1;30;47m8[0;1;30;45m8[0;33;47m8[0;1;30;45m8[0;1;30;47m88[0;1;31;47m@[0;1;30;47m8[0;1;35;47mS[0;1;30;47m8[0;35;47mX[0;1;30;47m8[0;5;35;40mX[0;5;34;40m@[0;5;30;40m8[0;5;34;40m@[0;5;30;40m8@@[0;5;34;40m@[0;1;30;40m8[0;5;30;40m@[0;1;30;40m8[0;5;34;40mX[0;1;30;40m8[0;5;34;40mX[0;5;30;40m8[0;5;34;40m@[0;1;30;40m8[0;5;34;40mS[0;5;30;40m8X[0m
[0;37;40m                       [0;5;34;40mS[0;5;33;40mt[0;5;35;40m;.[0;1;30;45m8[0;5;31;40m8[0;5;33;40mS[0;5;35;40mX[0;5;33;40m:[0;5;35;40m.[0;1;30;47m888[0;33;47m@[0;1;35;47mS[0;1;30;47m8@[0;5;37;40m%[0;5;35;40m%[0;5;30;40mSS@[0;5;34;40m8[0;1;30;40m8[0;5;30;40mX[0;5;34;40m@[0;1;30;40m8[0;5;30;40mX[0;1;30;40m8[0;5;34;40mS[0;1;30;40m8[0;5;30;40m@8S@[0;5;34;40mS[0;5;30;40m8[0m
[0;37;40m                       [0;5;35;40m %t[0;5;33;40mt[0;5;35;40m;[0;5;33;40m%[0;5;35;40mX[0;5;33;40m.[0;5;35;40mt:X [0;35;47m8[0;5;33;40m.[0;1;30;47m88[0;1;30;45m8[0;1;30;47m8[0;5;33;40m.[0;5;35;40m:[0;5;34;40mS[0;5;30;40m8@[0;5;34;40mX[0;1;30;40m8[0;5;30;40m8X8@[0;1;30;40m8[0;5;34;40mX[0;1;30;40m8[0;5;34;40mS[0;1;30;40m8[0;5;30;40mXX[0;5;36;40mX[0m
[0;37;40m                    [0;5;36;40m:[0;5;37;40mX[0;5;35;40m S[0;5;30;40m8[0;5;35;40mt [0;5;37;40m%[0;5;35;40m%[0;5;31;40m@[0;5;35;40mS[0;5;31;40mS[0;5;35;40mt[0;5;31;40m8[0;5;33;40m:[0;5;35;40mS[0;5;33;40mS[0;5;35;40m8[0;5;31;40mX[0;5;33;40m:[0;5;35;40m%t[0;5;33;40m%[0;5;34;40mX[0;5;30;40m@8XXX[0;5;34;40m@[0;5;30;40m@[0;5;34;40m@[0;5;30;40mX@[0;5;32;40mS[0;5;30;40m88[0;5;34;40m@[0;5;30;40m8X[0m
[0;37;40m                   [0;5;35;40m:[0;5;37;40mX[0;1;30;47m88[0;5;34;40mX[0;5;33;40m [0;5;37;40mS[0;5;35;40m : ;  [0;5;37;40mSX[0;1;30;47m8888%%X@[0;5;35;40m;t[0;5;30;40mX[0;5;34;40m@[0;5;30;40m8[0;5;36;40m:[0;5;33;40m [0;5;37;40mS[0;5;35;40m [0;5;33;40m:[0;5;35;40mt[0;5;33;40mt[0;5;35;40m@[0;5;33;40m [0;5;31;40mX[0;5;30;40m@[0;5;34;40mX[0;5;30;40mX[0m
[0;37;40m                    [0;5;37;40mX[0;1;30;47m;[0;5;37;40m8S[0;1;30;47m%8[0;5;35;40mt[0;1;30;47m8[0;5;35;40m [0;1;30;47m8[0;5;35;40m:[0;5;37;40mX[0;1;30;47m8[0;35;47mX[0;1;30;47m8[0;1;35;47mX[0;1;30;47m@[0;1;37;47m    [0;1;30;47m88[0;5;35;40mS[0;5;33;40mX[0;5;30;40mS[0;5;35;40m.[0;1;30;47m888[0;5;35;40mt[0;5;33;40m: [0;1;30;47m8[0;1;30;43m8[0;35;47m8[0;5;31;40mX[0;5;30;40m8@[0;5;34;40m%[0m
[0;37;40m                      [0;5;35;40m.[0;1;30;47mX[0;35;47mSS[0;1;30;47m8[0;1;30;45m8[0;5;33;40m:[0;1;30;45m8[0;1;30;47m8[0;35;47m8[0;33;47mX[0;35;47mX[0;33;47mX[0;1;30;47m8[0;1;37;47m [0;1;35;47mX[0;33;47m@[0;1;31;47m8[0;35;47mX[0;33;47m@[0;1;30;45m8[0;5;33;40m.[0;5;35;40m. [0;1;30;47m88[0;33;47m@[0;35;47m8[0;1;30;43m8[0;1;30;45m8[0;5;33;41m8[0;35;47m@[0;1;31;45m8[0;5;33;40m.X[0;5;30;40m8X[0;5;33;40m%[0m
[0;37;40m                      [0;5;37;40m@[0;1;30;47m@[0;1;35;47mS[0;1;30;47m8[0;1;31;47m8[0;1;30;47m88[0;33;47m8[0;35;47m8[0;33;47m8[0;35;47m8[0;1;31;47mX[0;35;47mX[0;1;31;47mX[0;33;47mX[0;1;31;47m@[0;1;30;47m88[0;35;47m8[0;33;47m8[0;1;30;47m8888[0;1;31;47mX[0;1;30;47m8[0;1;31;47m8[0;5;33;40m:[0;1;30;45m8[0;1;30;47m8[0;5;35;40m [0;33;47m@[0;1;30;47m8[0;5;31;40m8[0;1;30;40m8[0;5;34;40m8[0;5;30;40m8[0;5;35;40m.[0m
[0;37;40m                      [0;5;35;40m .[0;1;30;43m8[0;1;35;47m@[0;1;30;47m8[0;1;30;45m8[0;1;31;43m8[0;35;47m8[0;1;30;47m8[0;35;47m8[0;33;47m8[0;35;47m8[0;33;47m@[0;35;47m8[0;1;30;47m8[0;35;47m@[0;33;47m8[0;35;47m8[0;33;47m8[0;35;47m8[0;1;31;47m8[0;1;30;47m8[0;1;31;47m8[0;1;30;47m88[0;1;31;47m@[0;1;30;47m8[0;1;31;47m@[0;33;47mX[0;1;31;47m8[0;5;37;40m:[0;1;30;45m8[0;1;30;41m8[0;1;30;40m8[0;5;30;40m8[0;1;30;40m8[0;5;36;40m; [0m
[0;37;40m                      [0;5;35;40m%:;[0;5;33;40m:[0;1;30;45m8[0;33;47m8[0;1;30;45m8[0;1;30;47m8[0;5;33;40m.[0;1;31;47m8[0;1;30;47m8[0;35;47m8[0;1;30;47m8[0;1;31;47m8[0;1;30;47m8[0;33;47m@[0;35;47m8[0;33;47m8[0;35;47m8[0;33;47m8[0;1;30;47m888[0;1;31;47m8[0;1;30;47m88[0;33;47m8[0;35;47m8[0;33;47m@[0;1;30;45m8[0;1;30;43m8[0;5;31;40m8[0;1;30;40m88[0;5;34;40mX[0;5;36;40m: [0;5;37;40m8[0m
[0;37;40m                       [0;5;37;40mX[0;1;30;47m888[0;35;47m@[0;33;47m8[0;1;30;45m8[0;33;47mX[0;35;47m8[0;1;30;47m8[0;5;37;41m8[0;1;30;47m88[0;35;47m@[0;33;47m8[0;35;47m8[0;1;31;47m8[0;1;30;47m8[0;35;47m8[0;33;47m8[0;5;35;41mS[0;1;30;47m8[0;5;33;40m.;[0;35;41m@[0;5;31;40mXS[0;5;35;40m%[0;5;33;40m8[0;5;35;40m8[0;1;30;40m8[0;5;34;40m@[0;5;36;40mS;:;t[0m
[0;37;40m                       [0;5;35;40m.[0;1;30;45m8[0;1;30;47m8[0;1;31;47m8[0;5;37;40mt[0;1;30;47m88[0;37;45m8[0;37;43m8[0;35;47m8[0;1;30;47m88[0;33;47m8[0;35;47m8[0;1;31;47m@[0;1;30;47m88[0;33;47m8[0;5;35;41mX[0;1;30;47m@8[0;5;33;40m:[0;5;37;40m.[0;5;33;40m:;[0;5;35;40m;[0;5;33;40m%[0;5;31;40m@8[0;5;35;40mX[0;5;36;40m@[0;5;35;40mS[0;5;36;40mX[0;5;35;40m@[0;5;34;40mS[0;5;36;40mX[0;5;35;40mX[0m
[0;37;40m                       [0;5;37;40m8[0;5;35;40m:[0;1;30;45m8[0;5;35;40m.[0;1;30;45m8[0;1;30;43m8[0;35;47m8[0;33;47m8[0;37;45m8[0;33;47m8[0;35;47m8[0;1;30;47m8[0;1;31;47m8[0;1;30;47m88[0;37;43m8[0;1;30;45m8[0;1;30;47m88[0;5;33;40m;.[0;5;35;40m.:[0;1;30;45m8[0;1;30;43m8[0;5;35;40m%St;[0;5;36;40m8[0;5;30;40mX[0;5;34;40m@[0;5;30;40mX[0;5;36;40m8[0;5;34;40m@X[0;5;30;40mS[0m
[0;37;40m                        [0;5;35;40m;[0;5;33;40m.[0;1;30;47m8[0;5;33;40m [0;35;47m8[0;1;30;43m8[0;35;47m8[0;5;33;40m [0;35;47m8[0;1;30;43m8[0;35;47m8[0;1;30;47m8[0;1;30;45m8[0;33;47m8[0;1;30;45m8[0;33;47m8[0;5;35;40mt[0;5;33;40mt[0;5;35;40m;[0;5;33;40m;[0;1;30;45m8[0;1;30;43m8[0;5;35;40m.;;[0;5;33;40m;[0;5;35;40m%[0;5;34;40mX[0;5;30;40m@[0;5;34;40mX[0;5;30;40mX[0;5;34;40mX[0;5;30;40m@XX[0;5;34;40mX[0m
[0;37;40m                        [0;5;35;40m;;[0;5;33;40m;[0;5;35;41mX[0;1;30;47m8[0;1;30;45m8[0;33;47m8[0;1;30;45m8[0;33;47m8[0;37;45m8[0;1;30;43m8[0;1;30;45m8[0;37;43m8[0;1;30;45m8[0;1;30;43m8[0;1;30;45m8[0;5;33;40mS[0;5;35;40mS[0;5;33;40m%[0;5;35;40m%[0;1;30;43m8[0;1;30;45m8[0;5;33;40m.[0;5;35;40m;%[0;5;34;40mS[0;5;30;40m@[0;5;34;40mS[0;5;30;40m@X[0;5;34;40mS[0;5;30;40mX[0;5;34;40mS[0;5;36;40m@%:[0m
[0;37;40m                        [0;5;35;40mt [0;1;30;47m88[0;5;33;40m.[0;1;30;47m8[0;5;35;40mt[0;1;30;43m8[0;1;30;45m8[0;5;33;40mt[0;5;35;40m;[0;5;33;40m:[0;5;35;40mS[0;5;33;40m%[0;5;35;40mX[0;5;33;40m@[0;5;35;40m8[0;5;31;40m8[0;5;35;40mtt;:%[0;5;34;40mS[0;5;30;40m@X[0;5;34;40m@[0;5;30;40m8[0;5;36;40m8[0;5;34;40mS[0;5;36;40mS%[0;5;34;40mSSXX[0m
[0;37;40m                         [0;5;35;40m;t[0;5;33;40m;[0;5;35;40m;[0;5;31;40mS[0;5;35;40m%S[0;5;33;40m@[0;5;35;40m8[0;5;31;40m@X@[0;5;35;40m@[0;5;31;40m@[0;5;35;40mS[0;5;33;40m:[0;5;35;40m;tS[0;5;30;40m@[0;5;34;40m@[0;5;30;40m8@[0;5;34;40mS[0;5;36;40m8[0;5;34;40mS[0;5;36;40mX[0;5;34;40mS[0;5;30;40m@[0;5;34;40m@[0;5;30;40m8@@@@[0m
[0;37;40m                      [0;5;36;40mS[0;5;35;40mS[0;5;34;40m@[0;5;30;40m8X[0;5;31;40mSSS@[0;5;30;40m@[0;5;31;40m8[0;5;30;40m8[0;5;31;40mS[0;5;35;40m8[0;5;30;40mX@8[0;5;34;40m8[0;1;30;40m8[0;5;34;40m8[0;1;30;40m8[0;5;30;40m88[0;5;34;40m@S[0;5;36;40m8[0;5;34;40m@[0;5;30;40mX[0;5;34;40mX[0;5;30;40m8[0;5;34;40m8[0;5;30;40m88[0;5;34;40m8[0;1;30;40m8[0;5;34;40m8[0;1;30;40m8[0;5;34;40m8[0m
[0;37;40m                      [0;5;36;40m;[0;5;34;40m8[0;5;30;40m8[0;5;34;40m@[0;5;30;40m8[0;5;34;40m8[0;5;30;40m8[0;1;30;44m8[0;1;30;40m8[0;5;30;40m8[0;34;40m8[0;5;31;40mX[0;5;30;40m8SS[0;1;30;40m@[0;5;30;40m8[0;34;40m8[0;5;30;40mX[0;1;30;40m8[0;5;34;40m8X[0;5;36;40m8[0;5;30;40m8[0;5;34;40mSXS[0;5;30;40mS[0;5;34;40m@[0;5;30;40m8@[0;5;34;40m8[0;5;30;40m8X[0;5;34;40mS[0;5;30;40m@[0;5;36;40m8[0;5;30;40m8[0m
[0;37;40m                      [0;5;36;40m;[0;5;34;40m@[0;5;30;40mS[0;5;34;40m@[0;5;30;40m@[0;5;34;40m@[0;5;30;40mX[0;5;34;40m@[0;1;30;40m8[0;5;34;40m8[0;5;30;40m8[0;1;30;40m8[0;5;30;40m8X[0;34;40m8[0;5;34;40m8[0;1;30;40m8[0;5;30;40m@[0;5;34;40m@S[0;5;32;40mS[0;5;34;40m8[0;5;30;40m8[0;5;36;40m8[0;5;34;40m@[0;5;32;40mS[0;5;34;40m8[0;5;36;40m8[0;5;30;40m@[0;5;36;40m8[0;5;34;40m@[0;5;36;40m8[0;5;34;40m8[0;5;30;40mS[0;5;34;40mS[0;5;30;40m@[0;5;34;40m8[0;5;30;40mX[0m
[0;37;40m                     [0;5;36;40mS[0;5;34;40m8XSS[0;5;36;40m8[0;5;34;40m8[0;5;30;40mX[0;5;34;40m@[0;1;30;40m8[0;5;30;40m@[0;5;31;40mX[0;1;30;40m8[0;5;30;40m@[0;5;34;40m@[0;1;30;40m8[0;5;30;40m8[0;5;34;40m@[0;5;36;40m8[0;5;34;40m@X[0;5;30;40m@[0;5;34;40mX[0;5;36;40m8[0;5;34;40mSSSS@@[0;5;30;40m88888[0;1;30;40m8[0;5;34;40m8[0;32;40mX[0;5;34;40m8[0m
[0;37;40m                    [0;5;36;40m;[0;5;34;40m8[0;5;30;40m@[0;5;34;40mS[0;5;30;40mS[0;5;34;40mS8[0;5;30;40m@[0;5;34;40mX[0;5;30;40mX[0;5;34;40mX[0;1;30;40m8[0;5;31;40mS[0;1;30;41m8[0;34;40m8[0;5;31;40m@[0;5;34;40m8[0;5;36;40m8[0;5;34;40m8[0;5;30;40m@[0;5;34;40mS[0;5;30;40mX[0;5;34;40mS[0;5;36;40m8[0;5;34;40m8XS[0;5;30;40mXX@8[0;5;34;40m8[0;5;30;40m8[0;5;34;40m8[0;1;30;40m8[0;5;34;40m8[0;1;30;40m8[0;5;30;40m8[0;5;34;40m8[0;1;30;40m@[0m
[0;37;40m                   [0;5;36;40mt[0;5;34;40m@X[0;5;30;40mS[0;5;34;40mS[0;5;36;40m8[0;5;34;40mX[0;5;36;40mX[0;5;34;40m8[0;5;30;40m@[0;5;34;40m@[0;1;30;40m8[0;5;30;40m8[0;5;34;40m@[0;5;30;40mS[0;5;35;40m8[0;5;34;40m@[0;5;30;40m8[0;5;34;40m8[0;5;30;40mX[0;5;34;40mSS[0;5;36;40m8[0;5;34;40m8[0;5;30;40m88[0;5;34;40m8[0;5;30;40m8[0;5;34;40m@[0;5;30;40m@[0;5;34;40m8[0;5;30;40m@[0;5;34;40m@[0;5;30;40m@@[0;5;34;40mX[0;5;30;40m@[0;5;34;40mX[0;1;30;40m8[0;5;30;40mS[0;5;34;40m@[0m
[0;37;40m                 [0;5;36;40mt[0;5;34;40mXX[0;5;30;40mX[0;5;36;40m@[0;5;34;40m8[0;5;30;40m8[0;5;34;40m@[0;5;36;40m..[0;5;34;40m@X[0;5;30;40mX[0;5;34;40m@8[0;5;30;40m8[0;5;34;40m88[0;1;30;40m8[0;5;34;40mX[0;5;36;40m8[0;5;34;40m@S[0;5;30;40m@8[0;5;34;40m8[0;5;30;40m8[0;5;34;40m8[0;5;30;40m8[0;5;34;40m@[0;5;30;40m@[0;5;34;40mXS[0;5;30;40mS[0;5;34;40mSSX[0;5;30;40mX[0;5;34;40mS[0;5;30;40mX[0;5;34;40mS[0;1;30;40m8[0;5;30;40mS[0m
[0;37;40m                [0;5;34;40m8[0;5;30;40m@[0;5;34;40mS[0;5;30;40mX[0;5;34;40mS@[0;5;30;40m88[0;5;36;40m8[0;5;35;40m;[0;5;36;40mtX[0;5;34;40mX[0;5;36;40m8[0;5;34;40m@XX@[0;1;30;40m8[0;5;36;40m8[0;5;34;40m8[0;5;30;40m8[0;5;34;40m@[0;5;30;40m8[0;5;34;40m8[0;5;30;40m@[0;5;34;40m@XS[0;5;36;40m8[0;5;34;40m8[0;5;36;40m8[0;5;30;40m8[0;5;36;40m8[0;5;34;40m8[0;5;30;40m@S[0;5;34;40mX[0;1;30;40m8[0;5;34;40mS[0;32;40m8[0;5;34;40m@[0;5;30;40m@[0;1;30;40m8[0m
[0;37;40m               [0;5;36;40mS[0;5;34;40m8[0;5;30;40m@[0;5;34;40mXS[0;5;36;40m8[0;5;30;40m8[0;5;34;40m8[0;1;30;40m8[0;5;34;40m@[0;5;36;40m%[0;5;35;40mX[0;5;36;40m@[0;5;34;40m@SSS@[0;1;30;40m8[0;5;36;40m8[0;5;34;40m8[0;5;30;40m@[0;5;34;40mSS[0;5;36;40m8[0;5;34;40m@[0;5;36;40m8[0;5;34;40m8[0;5;32;40mX[0;5;34;40m8[0;5;30;40m8[0;5;34;40m8[0;5;30;40m8[0;5;34;40m8[0;1;30;40m8[0;5;34;40m@[0;1;30;40m8[0;5;34;40mX[0;32;40m8[0;5;34;40m@[0;1;30;40m8[0;5;34;40m8[0;1;30;40m8[0;34;40m8[0;5;36;40m8[0m
[0;37;40m             [0;5;34;40m@X[0;5;30;40m@[0;5;34;40m@[0;5;30;40m@[0;1;30;40m8[0;5;34;40mS[0;5;30;40m8[0;5;34;40m8[0;5;30;40mX[0;5;36;40m@[0;5;35;40mX[0;5;36;40m8[0;5;34;40m8X[0;5;36;40mX[0;5;34;40m8S[0;5;30;40mX[0;5;36;40m8[0;5;34;40m@X[0;5;36;40m@[0;5;34;40m@[0;5;36;40m8[0;5;30;40m8[0;5;34;40m8[0;5;30;40m@[0;5;34;40m8[0;5;30;40m@[0;5;34;40m8[0;1;30;40m8[0;5;34;40mX[0;5;30;40m8[0;5;34;40m8[0;1;30;40m8[0;5;34;40mX[0;1;30;40m8[0;5;34;40mS[0;1;30;40m8[0;5;34;40m@[0;1;30;40m8[0;5;34;40m@[0;32;40m@[0;5;34;40mX[0;5;30;40m8[0;1;30;40m8[0m
[0;37;40m           [0;5;34;40m@[0;5;36;40mX[0;5;30;40m@[0;5;34;40mX@[0;5;30;40m@[0;5;34;40m8[0;5;30;40m@[0;5;34;40mX@[0;5;36;40m8[0;5;34;40m@XX8[0;5;36;40m@[0;1;30;44m8[0;5;34;40m@@[0;5;30;40mX[0;5;36;40m8[0;5;34;40m8[0;5;36;40m@[0;5;34;40m88[0;5;30;40m@[0;5;34;40m8@[0;5;30;40mX[0;5;34;40m@[0;5;30;40m@[0;5;34;40m@[0;5;30;40mX[0;5;34;40mX[0;5;30;40mX[0;5;34;40mX[0;5;30;40mX[0;5;34;40mS[0;5;30;40mX[0;5;34;40mS[0;1;30;40m8[0;5;36;40m8[0;34;40m8[0;5;36;40m8[0;1;30;40m8[0;5;34;40m8[0;5;30;40m8[0;5;34;40m8[0;5;30;40m8[0m
[0;37;40m         [0;5;30;40m8[0;5;34;40mS[0;5;30;40m@[0;5;34;40m8X[0;5;30;40m8X[0;1;30;40m8[0;5;34;40m8[0;5;30;40mX[0;5;34;40m@[0;5;30;40mX[0;5;34;40m@SXSX[0;1;30;44m8[0;5;34;40mX@[0;5;32;40mX[0;1;30;44m8[0;5;34;40mSSS[0;5;36;40mS[0;5;34;40mS[0;5;36;40mS[0;5;34;40mX[0;5;36;40m@[0;5;34;40m@[0;5;36;40m8[0;5;30;40m8[0;5;34;40mSX[0;5;30;40mS[0;5;34;40mX[0;5;30;40mX[0;5;34;40mX[0;5;30;40mX[0;1;30;44m8[0;5;32;40mX[0;1;30;44m8[0;5;30;40m8[0;5;34;40mX[0;1;30;40m8[0;5;34;40m@[0;5;30;40m8@[0;1;30;40m8[0;5;34;40m@[0m
[0;37;40m        [0;5;34;40mXS@[0;5;30;40mX[0;5;34;40mX[0;5;30;40m@[0;5;34;40m@8[0;1;30;40m88[0;5;34;40mX[0;5;30;40mX[0;5;34;40mSX[0;5;30;40m@[0;5;34;40mS[0;5;36;40m8[0;5;34;40mS[0;1;30;44m8[0;32;40m8[0;5;36;40m8[0;5;34;40m@[0;5;36;40mX[0;5;34;40mX[0;5;36;40m@[0;5;34;40m@XXXSXS@[0;5;36;40m8[0;5;34;40m8[0;5;36;40m8[0;5;34;40m8[0;5;30;40mS[0;5;34;40mSX[0;5;30;40mS[0;5;34;40mX[0;34;40m8[0;5;32;40mS[0;5;34;40m8[0;1;30;40m8[0;5;34;40mS[0;1;30;40m8[0;5;34;40mX[0;1;30;40m8[0;5;34;40mX[0;1;30;40m8[0m
[0;37;40m       [0;5;34;40mXX[0;5;30;40m@[0;5;34;40m@[0;5;30;40m@[0;5;34;40m@[0;1;30;40m88[0;5;30;40m@[0;1;30;44m8[0;1;30;40m8[0;5;34;40mS[0;30;44m8[0;5;32;40mS[0;5;34;40m8[0;5;36;40m8[0;5;34;40m@[0;5;36;40mSX%[0;5;35;40m@[0;5;34;40m8[0;5;36;40mS[0;5;34;40m@X[0;5;30;40m@[0;5;34;40mX[0;5;30;40mX[0;5;34;40mS[0;5;30;40mX[0;5;34;40mS[0;5;30;40m@[0;5;34;40mS[0;5;30;40m@[0;5;34;40m@[0;5;30;40m@8[0;5;34;40mSX[0;5;30;40mS[0;1;30;44m8[0;5;32;40mX[0;1;30;44m8[0;5;32;40m@[0;30;44m8[0;5;32;40mX[0;5;34;40m8[0;1;30;40m8[0;5;34;40mX[0;1;30;40m8[0;5;34;40mX[0;32;40m@[0;5;34;40m8[0m
[0;37;40m      [0;5;34;40mX[0;5;30;40mX[0;5;34;40mX[0;5;30;40m@[0;30;44m8[0;5;32;40mS[0;34;40m8[0;5;36;40m8[0;34;40m8[0;5;30;40mX[0;1;30;40m8[0;5;36;40m8[0;1;30;40m8[0;5;36;40m8[0;5;34;40mX[0;5;36;40m@[0;5;34;40mXS@@X[0;5;36;40m8[0;5;34;40mXS[0;5;36;40mS[0;5;34;40mXS[0;5;36;40m@[0;5;34;40m8[0;5;36;40m8[0;5;34;40m8[0;5;32;40mS[0;5;34;40m8[0;5;30;40mS[0;5;34;40mS[0;5;30;40mX[0;5;34;40mXX[0;1;30;40m8[0;5;34;40mS[0;32;40m8[0;5;34;40m@[0;34;40m8[0;5;32;40m@[0;1;30;44m@[0;5;30;40m888[0;5;34;40m8[0;32;40m@[0;5;34;40m8[0;1;30;40m8[0;5;34;40m8[0;1;30;40m8[0m
[0;37;40m     [0;5;36;40mS[0;5;34;40mX[0;5;36;40m8[0;5;34;40m8[0;5;36;40m8[0;5;34;40mX[0;5;36;40m8[0;5;34;40m@[0;5;30;40m@[0;5;36;40m8[0;5;34;40m8[0;5;36;40m8[0;5;34;40mX[0;5;36;40mX[0;5;34;40m@@X[0;5;36;40mS[0;5;34;40mX[0;5;36;40mS[0;5;34;40m@@[0;5;30;40m8[0;5;34;40mX@8[0;5;30;40mS[0;5;34;40mX@[0;5;30;40mS[0;5;34;40m@S@[0;5;36;40m8[0;5;34;40m8[0;5;30;40mS[0;5;34;40mSX[0;5;30;40mX[0;5;34;40mS[0;1;30;44m8[0;5;34;40mX[0;5;30;40m8[0;5;34;40mS[0;1;30;40m8[0;5;30;40m8[0;5;34;40m8[0;1;30;40m8[0;30;44m8[0;5;30;40m@[0;5;34;40m8[0;1;30;40m8[0;5;30;40m@[0;34;40m@[0;37;40m [0m
[0;37;40m     [0;5;30;40m8[0;1;30;40m@[0;5;30;40m8[0;5;34;40mX[0;5;36;40mS[0;5;35;40mt[0;5;36;40mS[0;5;35;40m;[0;5;36;40mS[0;5;35;40m@[0;5;36;40m8[0;5;35;40mX[0;5;36;40m@[0;5;35;40mX[0;5;36;40m8[0;5;30;40m@[0;5;34;40m@XSX[0;5;36;40mX[0;5;34;40m@S[0;5;30;40mX[0;5;34;40mX[0;5;30;40m8[0;5;34;40mX[0;5;30;40m@[0;5;34;40mX[0;5;30;40mX[0;5;34;40mX[0;5;30;40m@@[0;5;34;40m8[0;5;30;40m8[0;5;34;40mX[0;1;30;40m8[0;5;34;40mS[0;30;44m8[0;5;32;40m@[0;1;30;40m8[0;5;34;40mX[0;1;30;40m8[0;5;34;40m@[0;1;30;40m8[0;5;34;40m8[0;32;40mX[0;5;34;40m@[0;5;30;40m8[0;1;30;40m88[0;34;40mX[0;37;40m   [0m
[0;37;40m          [0;5;34;40m@@S[0;5;36;40mX[0;5;34;40m@S[0;5;36;40m8[0;5;34;40mXSS[0;5;36;40mS[0;5;34;40m@[0;5;36;40mX[0;5;30;40m@[0;5;34;40mXX[0;5;32;40mS[0;5;34;40m8S[0;5;32;40mS[0;5;34;40m8[0;5;30;40mS[0;5;34;40mX[0;1;30;40m8[0;5;34;40mS[0;1;30;40m8[0;5;34;40mS8[0;1;30;40m8[0;5;34;40mX[0;1;30;40m8[0;5;36;40m8[0;1;30;40m8[0;5;36;40m8[0;34;40m8[0;5;34;40mS[0;32;40m@[0;5;34;40m8[0;32;40mS[0;37;40m   [0;5;30;40m8[0;34;40m@[0;37;40m      [0m
[0;37;40m                   [0;5;30;40m8[0;37;40m [0;1;30;40m8[0;5;34;40m8S[0;5;30;40mS8[0;30;44m8[0;5;30;40m88[0;5;34;40m8S[0;5;30;40mX[0;5;34;40mS[0;5;36;40m8[0;30;44m8[0;5;36;40m8[0;1;30;40m8[0;5;34;40mX[0;1;30;40m8[0;5;34;40mS[0;34;40m8[0;5;30;40mX[0;34;40m8[0;1;30;40m@[0;32;40mS[0;37;40m               [0m
[0;37;40m                                   [0;5;34;40m8[0;1;30;40m88[0;5;34;40mS[0;37;40m                     [0m
[0;37;40m                                                            [0m
